time="2021-04-21T15:15:31+08:00" level=warning msg=" [::1]:65529 接收 [::1]:54969 的資料為 [] 失敗: ws closed: 1005 " source="networkHub/clientStruct.go:136"
time="2021-04-21T15:16:50+08:00" level=warning msg=" [::1]:65529 傳給 [::1]:54978 的資料為 [123 34 99 111 109 109 97 110 100 34 58 52 44 34 99 111 109 109 97 110 100 84 121 112 101 34 58 49 44 34 114 101 115 117 108 116 67 111 100 101 34 58 49 44 34 114 101 115 117 108 116 115 34 58 34 230 172 132 228 189 141 228 184 141 233 189 138 229 133 168 32 112 105 99 44 114 111 111 109 73 68 34 44 34 116 114 97 110 115 97 99 116 105 111 110 73 68 34 58 34 48 48 49 65 48 48 49 65 34 125]失敗: write tcp [::1]:65529->[::1]:54978: use of closed network connection" source="networkHub/clientStruct.go:197"
time="2021-04-21T15:18:29+08:00" level=warning msg=" [::1]:65529 傳給 [::1]:55011 的資料為 [123 34 99 111 109 109 97 110 100 34 58 52 44 34 99 111 109 109 97 110 100 84 121 112 101 34 58 49 44 34 114 101 115 117 108 116 67 111 100 101 34 58 49 44 34 114 101 115 117 108 116 115 34 58 34 230 172 132 228 189 141 228 184 141 233 189 138 229 133 168 32 112 105 99 44 114 111 111 109 73 68 34 44 34 116 114 97 110 115 97 99 116 105 111 110 73 68 34 58 34 48 48 49 65 48 48 49 65 34 125]失敗: write tcp [::1]:65529->[::1]:55011: use of closed network connection" source="networkHub/clientStruct.go:197"
time="2021-04-21T15:19:46+08:00" level=warning msg=" [::1]:65529 接收 [::1]:55010 的資料為 [] 失敗: read tcp [::1]:65529->[::1]:55010: use of closed network connection" source="networkHub/clientStruct.go:136"
time="2021-04-21T15:20:01+08:00" level=warning msg=" [::1]:65529 傳給 [::1]:55010 的資料為 [123 34 99 111 109 109 97 110 100 34 58 57 44 34 99 111 109 109 97 110 100 84 121 112 101 34 58 51 44 34 100 97 116 97 115 34 58 91 123 34 100 101 118 105 99 101 73 68 34 58 34 88 88 88 88 88 88 88 88 88 34 44 34 100 101 118 105 99 101 66 114 97 110 100 34 58 34 65 34 44 34 100 101 118 105 99 101 84 121 112 101 34 58 49 44 34 97 114 101 97 34 58 34 76 101 97 112 115 121 34 44 34 100 101 118 105 99 101 78 97 109 101 34 58 34 48 48 49 43 88 88 88 88 88 88 88 88 88 34 44 34 112 105 99 34 58 34 34 44 34 111 110 108 105 110 101 83 116 97 116 117 115 34 58 50 44 34 100 101 118 105 99 101 83 116 97 116 117 115 34 58 49 44 34 99 97 109 101 114 97 83 116 97 116 117 115 34 58 49 44 34 109 105 99 83 116 97 116 117 115 34 58 49 44 34 114 111 111 109 73 68 34 58 48 125 93 125]失敗: write tcp [::1]:65529->[::1]:55010: use of closed network connection" source="networkHub/clientStruct.go:197"
time="2021-04-21T15:21:43+08:00" level=warning msg=" [::1]:65529 接收 [::1]:55043 的資料為 [] 失敗: read tcp [::1]:65529->[::1]:55043: use of closed network connection" source="networkHub/clientStruct.go:136"
time="2021-04-21T15:21:47+08:00" level=warning msg=" [::1]:65529 傳給 [::1]:55043 的資料為 [123 34 99 111 109 109 97 110 100 34 58 57 44 34 99 111 109 109 97 110 100 84 121 112 101 34 58 51 44 34 100 97 116 97 115 34 58 91 123 34 100 101 118 105 99 101 73 68 34 58 34 79 79 79 79 79 79 79 79 79 34 44 34 100 101 118 105 99 101 66 114 97 110 100 34 58 34 66 34 44 34 100 101 118 105 99 101 84 121 112 101 34 58 49 44 34 97 114 101 97 34 58 34 76 101 97 112 115 121 34 44 34 100 101 118 105 99 101 78 97 109 101 34 58 34 48 48 49 43 79 79 79 79 79 79 79 79 79 34 44 34 112 105 99 34 58 34 34 44 34 111 110 108 105 110 101 83 116 97 116 117 115 34 58 50 44 34 100 101 118 105 99 101 83 116 97 116 117 115 34 58 49 44 34 99 97 109 101 114 97 83 116 97 116 117 115 34 58 50 44 34 109 105 99 83 116 97 116 117 115 34 58 50 44 34 114 111 111 109 73 68 34 58 48 125 93 125]失敗: write tcp [::1]:65529->[::1]:55043: use of closed network connection" source="networkHub/clientStruct.go:197"
time="2021-04-21T15:21:47+08:00" level=warning msg=" [::1]:65529 接收 [::1]:55045 的資料為 [] 失敗: read tcp [::1]:65529->[::1]:55045: use of closed network connection" source="networkHub/clientStruct.go:136"
time="2021-04-21T15:23:23+08:00" level=warning msg=" [::1]:65529 傳給 [::1]:55045 的資料為 [123 34 99 111 109 109 97 110 100 34 58 57 44 34 99 111 109 109 97 110 100 84 121 112 101 34 58 51 44 34 100 97 116 97 115 34 58 91 123 34 100 101 118 105 99 101 73 68 34 58 34 88 88 88 88 88 88 88 88 88 34 44 34 100 101 118 105 99 101 66 114 97 110 100 34 58 34 65 34 44 34 100 101 118 105 99 101 84 121 112 101 34 58 49 44 34 97 114 101 97 34 58 34 76 101 97 112 115 121 34 44 34 100 101 118 105 99 101 78 97 109 101 34 58 34 48 48 49 43 88 88 88 88 88 88 88 88 88 34 44 34 112 105 99 34 58 34 112 105 99 116 101 115 116 34 44 34 111 110 108 105 110 101 83 116 97 116 117 115 34 58 50 44 34 100 101 118 105 99 101 83 116 97 116 117 115 34 58 49 44 34 99 97 109 101 114 97 83 116 97 116 117 115 34 58 50 44 34 109 105 99 83 116 97 116 117 115 34 58 50 44 34 114 111 111 109 73 68 34 58 48 125 93 125]失敗: write tcp [::1]:65529->[::1]:55045: use of closed network connection" source="networkHub/clientStruct.go:197"
time="2021-04-21T15:33:41+08:00" level=warning msg=" [::1]:65529 接收 [::1]:55174 的資料為 [] 失敗: ws closed: 1005 " source="networkHub/clientStruct.go:136"
time="2021-04-21T15:35:30+08:00" level=warning msg=" [::1]:65529 接收 [::1]:55176 的資料為 [] 失敗: read tcp [::1]:65529->[::1]:55176: use of closed network connection" source="networkHub/clientStruct.go:136"
time="2021-04-21T15:35:31+08:00" level=warning msg=" [::1]:65529 傳給 [::1]:55176 的資料為 [123 34 99 111 109 109 97 110 100 34 58 57 44 34 99 111 109 109 97 110 100 84 121 112 101 34 58 51 44 34 100 97 116 97 115 34 58 91 123 34 100 101 118 105 99 101 73 68 34 58 34 88 88 88 88 88 88 88 88 88 34 44 34 100 101 118 105 99 101 66 114 97 110 100 34 58 34 65 34 44 34 100 101 118 105 99 101 84 121 112 101 34 58 49 44 34 97 114 101 97 34 58 34 76 101 97 112 115 121 34 44 34 100 101 118 105 99 101 78 97 109 101 34 58 34 48 48 49 43 88 88 88 88 88 88 88 88 88 34 44 34 112 105 99 34 58 34 34 44 34 111 110 108 105 110 101 83 116 97 116 117 115 34 58 50 44 34 100 101 118 105 99 101 83 116 97 116 117 115 34 58 49 44 34 99 97 109 101 114 97 83 116 97 116 117 115 34 58 49 44 34 109 105 99 83 116 97 116 117 115 34 58 49 44 34 114 111 111 109 73 68 34 58 48 125 93 125]失敗: write tcp [::1]:65529->[::1]:55176: use of closed network connection" source="networkHub/clientStruct.go:197"
time="2021-04-21T15:35:31+08:00" level=warning msg=" [::1]:65529 接收 [::1]:55177 的資料為 [] 失敗: read tcp [::1]:65529->[::1]:55177: use of closed network connection" source="networkHub/clientStruct.go:136"
time="2021-04-21T15:38:38+08:00" level=warning msg=" [::1]:65529 接收 [::1]:55216 的資料為 [] 失敗: read tcp [::1]:65529->[::1]:55216: use of closed network connection" source="networkHub/clientStruct.go:136"
time="2021-04-21T15:38:40+08:00" level=warning msg=" [::1]:65529 傳給 [::1]:55216 的資料為 [123 34 99 111 109 109 97 110 100 34 58 57 44 34 99 111 109 109 97 110 100 84 121 112 101 34 58 51 44 34 100 97 116 97 115 34 58 91 123 34 100 101 118 105 99 101 73 68 34 58 34 79 79 79 79 79 79 79 79 79 34 44 34 100 101 118 105 99 101 66 114 97 110 100 34 58 34 66 34 44 34 100 101 118 105 99 101 84 121 112 101 34 58 49 44 34 97 114 101 97 34 58 34 76 101 97 112 115 121 34 44 34 100 101 118 105 99 101 78 97 109 101 34 58 34 48 48 49 43 79 79 79 79 79 79 79 79 79 34 44 34 112 105 99 34 58 34 34 44 34 111 110 108 105 110 101 83 116 97 116 117 115 34 58 50 44 34 100 101 118 105 99 101 83 116 97 116 117 115 34 58 49 44 34 99 97 109 101 114 97 83 116 97 116 117 115 34 58 49 44 34 109 105 99 83 116 97 116 117 115 34 58 49 44 34 114 111 111 109 73 68 34 58 48 125 93 125]失敗: write tcp [::1]:65529->[::1]:55216: use of closed network connection" source="networkHub/clientStruct.go:197"
time="2021-04-21T15:38:40+08:00" level=warning msg=" [::1]:65529 接收 [::1]:55215 的資料為 [] 失敗: read tcp [::1]:65529->[::1]:55215: use of closed network connection" source="networkHub/clientStruct.go:136"
time="2021-04-21T15:41:43+08:00" level=warning msg=" [::1]:65529 接收 [::1]:55261 的資料為 [] 失敗: read tcp [::1]:65529->[::1]:55261: use of closed network connection" source="networkHub/clientStruct.go:136"
time="2021-04-21T15:41:44+08:00" level=warning msg=" [::1]:65529 傳給 [::1]:55261 的資料為 [123 34 99 111 109 109 97 110 100 34 58 57 44 34 99 111 109 109 97 110 100 84 121 112 101 34 58 51 44 34 100 97 116 97 115 34 58 91 123 34 100 101 118 105 99 101 73 68 34 58 34 79 79 79 79 79 79 79 79 79 34 44 34 100 101 118 105 99 101 66 114 97 110 100 34 58 34 66 34 44 34 100 101 118 105 99 101 84 121 112 101 34 58 49 44 34 97 114 101 97 34 58 34 76 101 97 112 115 121 34 44 34 100 101 118 105 99 101 78 97 109 101 34 58 34 48 48 49 43 79 79 79 79 79 79 79 79 79 34 44 34 112 105 99 34 58 34 34 44 34 111 110 108 105 110 101 83 116 97 116 117 115 34 58 50 44 34 100 101 118 105 99 101 83 116 97 116 117 115 34 58 49 44 34 99 97 109 101 114 97 83 116 97 116 117 115 34 58 50 44 34 109 105 99 83 116 97 116 117 115 34 58 50 44 34 114 111 111 109 73 68 34 58 48 125 93 125]失敗: write tcp [::1]:65529->[::1]:55261: use of closed network connection" source="networkHub/clientStruct.go:197"
time="2021-04-21T15:41:44+08:00" level=warning msg=" [::1]:65529 接收 [::1]:55262 的資料為 [] 失敗: read tcp [::1]:65529->[::1]:55262: use of closed network connection" source="networkHub/clientStruct.go:136"
time="2021-04-21T15:43:23+08:00" level=warning msg=" [::1]:65529 傳給 [::1]:55262 的資料為 [123 34 99 111 109 109 97 110 100 34 58 57 44 34 99 111 109 109 97 110 100 84 121 112 101 34 58 51 44 34 100 97 116 97 115 34 58 91 123 34 100 101 118 105 99 101 73 68 34 58 34 88 88 88 88 88 88 88 88 88 34 44 34 100 101 118 105 99 101 66 114 97 110 100 34 58 34 65 34 44 34 100 101 118 105 99 101 84 121 112 101 34 58 49 44 34 97 114 101 97 34 58 34 76 101 97 112 115 121 34 44 34 100 101 118 105 99 101 78 97 109 101 34 58 34 48 48 49 43 88 88 88 88 88 88 88 88 88 34 44 34 112 105 99 34 58 34 112 105 99 116 101 115 116 34 44 34 111 110 108 105 110 101 83 116 97 116 117 115 34 58 50 44 34 100 101 118 105 99 101 83 116 97 116 117 115 34 58 49 44 34 99 97 109 101 114 97 83 116 97 116 117 115 34 58 50 44 34 109 105 99 83 116 97 116 117 115 34 58 50 44 34 114 111 111 109 73 68 34 58 48 125 93 125]失敗: write tcp [::1]:65529->[::1]:55262: use of closed network connection" source="networkHub/clientStruct.go:197"
time="2021-04-21T15:51:38+08:00" level=warning msg=" [::1]:65529 接收 [::1]:55364 的資料為 [] 失敗: read tcp [::1]:65529->[::1]:55364: use of closed network connection" source="networkHub/clientStruct.go:136"
time="2021-04-21T15:51:40+08:00" level=warning msg=" [::1]:65529 傳給 [::1]:55364 的資料為 [123 34 99 111 109 109 97 110 100 34 58 57 44 34 99 111 109 109 97 110 100 84 121 112 101 34 58 51 44 34 100 97 116 97 115 34 58 91 123 34 100 101 118 105 99 101 73 68 34 58 34 79 79 79 79 79 79 79 79 79 34 44 34 100 101 118 105 99 101 66 114 97 110 100 34 58 34 66 34 44 34 100 101 118 105 99 101 84 121 112 101 34 58 49 44 34 97 114 101 97 34 58 34 76 101 97 112 115 121 34 44 34 100 101 118 105 99 101 78 97 109 101 34 58 34 48 48 49 43 79 79 79 79 79 79 79 79 79 34 44 34 112 105 99 34 58 34 34 44 34 111 110 108 105 110 101 83 116 97 116 117 115 34 58 50 44 34 100 101 118 105 99 101 83 116 97 116 117 115 34 58 49 44 34 99 97 109 101 114 97 83 116 97 116 117 115 34 58 49 44 34 109 105 99 83 116 97 116 117 115 34 58 49 44 34 114 111 111 109 73 68 34 58 48 125 93 125]失敗: write tcp [::1]:65529->[::1]:55364: use of closed network connection" source="networkHub/clientStruct.go:197"
time="2021-04-21T15:51:40+08:00" level=warning msg=" [::1]:65529 接收 [::1]:55363 的資料為 [] 失敗: read tcp [::1]:65529->[::1]:55363: use of closed network connection" source="networkHub/clientStruct.go:136"
time="2021-04-21T15:53:18+08:00" level=warning msg=" [::1]:65529 傳給 [::1]:55363 的資料為 [123 34 99 111 109 109 97 110 100 34 58 57 44 34 99 111 109 109 97 110 100 84 121 112 101 34 58 51 44 34 100 97 116 97 115 34 58 91 123 34 100 101 118 105 99 101 73 68 34 58 34 88 88 88 88 88 88 88 88 88 34 44 34 100 101 118 105 99 101 66 114 97 110 100 34 58 34 65 34 44 34 100 101 118 105 99 101 84 121 112 101 34 58 49 44 34 97 114 101 97 34 58 34 76 101 97 112 115 121 34 44 34 100 101 118 105 99 101 78 97 109 101 34 58 34 48 48 49 43 88 88 88 88 88 88 88 88 88 34 44 34 112 105 99 34 58 34 34 44 34 111 110 108 105 110 101 83 116 97 116 117 115 34 58 50 44 34 100 101 118 105 99 101 83 116 97 116 117 115 34 58 49 44 34 99 97 109 101 114 97 83 116 97 116 117 115 34 58 49 44 34 109 105 99 83 116 97 116 117 115 34 58 49 44 34 114 111 111 109 73 68 34 58 48 125 93 125]失敗: write tcp [::1]:65529->[::1]:55363: use of closed network connection" source="networkHub/clientStruct.go:197"
