time="2021-05-04T16:00:49+08:00" level=warning msg=" [::1]:65529 接收 [::1]:65147 的資料為 [] 失敗: read tcp [::1]:65529->[::1]:65147: use of closed network connection" source="networkHub/clientStruct.go:138"
time="2021-05-04T16:01:03+08:00" level=warning msg=" [::1]:65529 接收 [::1]:65135 的資料為 [] 失敗: read tcp [::1]:65529->[::1]:65135: use of closed network connection" source="networkHub/clientStruct.go:138"
time="2021-05-04T16:02:35+08:00" level=warning msg=" [::1]:65529 接收 [::1]:65172 的資料為 [] 失敗: ws closed: 1005 " source="networkHub/clientStruct.go:138"
time="2021-05-04T16:02:38+08:00" level=warning msg=" [::1]:65529 傳給 [::1]:65172 的資料為 [123 34 99 111 109 109 97 110 100 34 58 56 44 34 99 111 109 109 97 110 100 84 121 112 101 34 58 50 44 34 114 101 115 117 108 116 67 111 100 101 34 58 49 44 34 114 101 115 117 108 116 115 34 58 34 229 183 178 230 150 183 231 183 154 239 188 140 230 156 137 231 155 184 229 144 140 232 163 157 231 189 174 231 153 187 229 133 165 228 188 186 230 156 141 229 153 168 227 128 130 34 44 34 116 114 97 110 115 97 99 116 105 111 110 73 68 34 58 34 34 125]失敗: write tcp [::1]:65529->[::1]:65172: use of closed network connection" source="networkHub/clientStruct.go:199"
time="2021-05-04T16:02:45+08:00" level=warning msg=" [::1]:65529 接收 [::1]:65180 的資料為 [] 失敗: ws closed: 1005 " source="networkHub/clientStruct.go:138"
time="2021-05-04T16:02:46+08:00" level=warning msg=" [::1]:65529 傳給 [::1]:65180 的資料為 [123 34 99 111 109 109 97 110 100 34 58 49 48 44 34 99 111 109 109 97 110 100 84 121 112 101 34 58 51 44 34 100 97 116 97 115 34 58 91 123 34 100 101 118 105 99 101 73 68 34 58 34 79 79 79 79 79 79 79 79 79 34 44 34 100 101 118 105 99 101 66 114 97 110 100 34 58 34 65 34 44 34 100 101 118 105 99 101 84 121 112 101 34 58 49 44 34 97 114 101 97 34 58 91 55 55 55 93 44 34 100 101 118 105 99 101 78 97 109 101 34 58 34 48 48 49 43 79 79 79 79 79 79 79 79 79 34 44 34 112 105 99 34 58 34 34 44 34 111 110 108 105 110 101 83 116 97 116 117 115 34 58 49 44 34 100 101 118 105 99 101 83 116 97 116 117 115 34 58 49 44 34 99 97 109 101 114 97 83 116 97 116 117 115 34 58 49 44 34 109 105 99 83 116 97 116 117 115 34 58 49 44 34 114 111 111 109 73 68 34 58 48 125 93 125]失敗: write tcp [::1]:65529->[::1]:65180: use of closed network connection" source="networkHub/clientStruct.go:199"
time="2021-05-04T16:02:48+08:00" level=warning msg=" [::1]:65529 接收 [::1]:65179 的資料為 [] 失敗: ws closed: 1005 " source="networkHub/clientStruct.go:138"
time="2021-05-04T16:03:00+08:00" level=warning msg=" [::1]:65529 接收 [::1]:65181 的資料為 [] 失敗: ws closed: 1005 " source="networkHub/clientStruct.go:138"
time="2021-05-04T16:03:01+08:00" level=warning msg=" [::1]:65529 傳給 [::1]:65181 的資料為 [123 34 99 111 109 109 97 110 100 34 58 56 44 34 99 111 109 109 97 110 100 84 121 112 101 34 58 50 44 34 114 101 115 117 108 116 67 111 100 101 34 58 49 44 34 114 101 115 117 108 116 115 34 58 34 229 183 178 230 150 183 231 183 154 239 188 140 230 156 137 231 155 184 229 144 140 232 163 157 231 189 174 231 153 187 229 133 165 228 188 186 230 156 141 229 153 168 227 128 130 34 44 34 116 114 97 110 115 97 99 116 105 111 110 73 68 34 58 34 34 125]失敗: write tcp [::1]:65529->[::1]:65181: use of closed network connection" source="networkHub/clientStruct.go:199"
time="2021-05-04T16:03:03+08:00" level=warning msg=" [::1]:65529 接收 [::1]:65184 的資料為 [] 失敗: ws closed: 1005 " source="networkHub/clientStruct.go:138"
time="2021-05-04T16:03:04+08:00" level=warning msg=" [::1]:65529 傳給 [::1]:65184 的資料為 [123 34 99 111 109 109 97 110 100 34 58 56 44 34 99 111 109 109 97 110 100 84 121 112 101 34 58 50 44 34 114 101 115 117 108 116 67 111 100 101 34 58 49 44 34 114 101 115 117 108 116 115 34 58 34 229 183 178 230 150 183 231 183 154 239 188 140 230 156 137 231 155 184 229 144 140 232 163 157 231 189 174 231 153 187 229 133 165 228 188 186 230 156 141 229 153 168 227 128 130 34 44 34 116 114 97 110 115 97 99 116 105 111 110 73 68 34 58 34 34 125]失敗: write tcp [::1]:65529->[::1]:65184: use of closed network connection" source="networkHub/clientStruct.go:199"
time="2021-05-04T16:03:40+08:00" level=warning msg=" [::1]:65529 接收 [::1]:65187 的資料為 [] 失敗: read tcp [::1]:65529->[::1]:65187: use of closed network connection" source="networkHub/clientStruct.go:138"
time="2021-05-04T16:05:20+08:00" level=warning msg=" [::1]:65529 接收 [::1]:65186 的資料為 [] 失敗: read tcp [::1]:65529->[::1]:65186: use of closed network connection" source="networkHub/clientStruct.go:138"
